H 30000.000000 W 70000.000000 Xo 0.000000 Yo 312.659783 FH 313.000000 FW 905.000000 
Dl carico 
Du scarico 
Ep 99 66877 25744 90.000000 90.000000 N 0 0 0 0 1 1
Vb 1 2000 99-2000 4 1 1 3717 0 0 
Ep 101 56700 12766 90.000000 90.000000 Y 0 0 0 0 1 1
Vb 1 2038 101-2038 1 0 1 1517 0 0 
Ep 102 56700 12097 90.000000 90.000000 Y 0 0 0 0 1 1
Vb 1 2037 102-2037 1 0 1 1498 0 0 
Ep 103 56700 11445 90.000000 90.000000 Y 0 0 0 0 1 1
Vb 1 2036 103-2036 2 0 1 1676 0 0 
Ep 104 56700 10663 90.000000 90.000000 Y 0 0 0 0 1 1
Vb 1 2035 104-2035 1 0 1 1412 0 0 
Ep 105 56700 10092 90.000000 90.000000 Y 0 0 0 0 1 1
Vb 1 2034 105-2034 1 1 1 1500 0 0 
Ep 106 56700 9375 90.000000 90.000000 Y 0 0 0 0 1 1
Vb 1 2033 106-2033 1 0 1 1517 0 0 
Ep 107 56700 8771 90.000000 90.000000 Y 0 0 0 0 1 1
Vb 1 2032 107-2032 2 1 1 1635 0 0 
Ep 111 59900 13565 90.000000 90.000000 Y 0 0 0 0 1 1
Vb 1 2039 111-2039 2 0 1 1606 0 0 
Ep 112 59900 12913 90.000000 90.000000 Y 0 0 0 0 1 1
Vb 1 2038 112-2038 1 1 1 1582 0 0 
Ep 113 59900 12195 90.000000 90.000000 Y 0 0 0 0 1 1
Vb 1 2037 113-2037 1 1 1 1549 0 0 
Ep 114 59900 11510 90.000000 90.000000 Y 0 0 0 0 1 1
Vb 1 2036 114-2036 2 1 1 1665 0 0 
Ep 115 59900 10891 90.000000 90.000000 Y 0 0 0 0 1 1
Vb 1 2035 115-2035 2 1 1 1759 0 0 
Ep 116 59900 10108 90.000000 90.000000 Y 0 0 0 0 1 1
Vb 1 2034 116-2034 2 1 1 1697 0 0 
Ep 117 59900 9521 90.000000 90.000000 Y 0 0 0 0 1 1
Vb 1 2033 117-2033 1 1 1 1582 0 0 
Ep 118 59900 8836 90.000000 90.000000 Y 0 0 0 0 1 1
Vb 1 2032 118-2032 1 1 1 1491 0 0 
Ep 119 59900 8282 90.000000 90.000000 Y 0 0 0 0 1 1
Vb 1 2032 119-2032 2 0 1 1665 0 0 
Ep 201 60500 24782 90.000000 90.000000 Y 0 0 0 0 1 1
Vb 1 2001 201-2001 3 0 1 3075 0 0 
Ep 202 60500 24163 90.000000 90.000000 Y 0 0 0 0 1 1
Vb 1 2002 202-2002 4 1 1 3280 0 0 
Ep 203 60500 23380 90.000000 90.000000 Y 0 0 0 0 1 1
Vb 1 2003 203-2003 3 0 1 3071 0 0 
Ep 204 60500 22646 90.000000 90.000000 Y 0 0 0 0 1 1
Vb 1 2004 204-2004 3 1 1 3042 0 0 
Ep 205 60500 21815 90.000000 90.000000 Y 0 0 0 0 1 1
Vb 1 2005 205-2005 3 0 1 3071 0 0 
Ep 206 60500 21048 90.000000 90.000000 Y 0 0 0 0 1 1
Vb 1 2007 206-2007 3 1 1 2982 0 0 
Ep 207 60500 20364 90.000000 90.000000 Y 0 0 0 0 1 1
Vb 1 2009 207-2009 3 1 1 3012 0 0 
Ep 208 60500 19565 90.000000 90.000000 Y 0 0 0 0 1 1
Vb 1 2010 208-2010 3 1 1 2982 0 0 
Ep 209 60500 18701 90.000000 90.000000 Y 0 0 0 0 1 1
Ep 210 60500 17934 90.000000 90.000000 Y 0 0 0 0 1 1
Vb 1 2012 210-2012 3 0 1 2892 0 0 
Ep 301 67000 24864 90.000000 90.000000 Y 0 0 0 0 1 1
Vb 1 2001 301-2001 4 0 1 3298 0 0 
Ep 302 67000 24130 90.000000 90.000000 Y 0 0 0 0 1 1
Vb 1 2002 302-2002 4 0 1 3238 0 0 
Ep 303 67000 23445 90.000000 90.000000 Y 0 0 0 0 1 1
Vb 1 2003 303-2003 4 1 1 3209 0 0 
Ep 304 67000 22630 90.000000 90.000000 Y 0 0 0 0 1 1
Vb 1 2004 304-2004 3 1 1 3090 0 0 
Ep 305 67000 21896 90.000000 90.000000 Y 0 0 0 0 1 1
Vb 1 2005 305-2005 4 1 1 3447 0 0 
Ep 306 67000 21375 90.000000 90.000000 Y 0 0 0 0 1 1
Vb 1 2006 306-2006 4 1 1 3268 0 0 
Ep 307 67000 20771 90.000000 90.000000 Y 0 0 0 0 1 1
Vb 1 2007 307-2007 4 0 1 3273 0 0 
Ep 308 67000 20152 90.000000 90.000000 Y 0 0 0 0 1 1
Vb 1 2009 308-2009 4 0 1 3270 0 0 
Ep 309 67000 19614 90.000000 90.000000 Y 0 0 0 0 1 1
Vb 1 2010 309-2010 4 1 1 3328 0 0 
Ep 310 67000 19010 90.000000 90.000000 Y 0 0 0 0 1 1
Ep 311 67000 18423 90.000000 90.000000 Y 0 0 0 0 1 1
Vb 1 2012 311-2012 4 1 1 3534 0 0 
Ep 312 67000 17788 90.000000 90.000000 Y 0 0 0 0 1 1
Vb 1 2013 312-2013 4 1 1 3301 0 0 
Ep 313 67000 17233 90.000000 90.000000 Y 0 0 0 0 1 1
Vb 1 2014 313-2014 4 1 1 3358 0 0 
Ep 401 50267 21000 90.000000 90.000000 Y 0 0 0 0 1 1
Vb 1 2024 401-2024 2 1 1 1696 0 0 
Ep 402 51547 21000 90.000000 90.000000 Y 0 0 0 0 1 1
Vb 1 2022 402-2022 2 1 1 1680 0 0 
Ep 403 52738 21000 90.000000 90.000000 Y 0 0 0 0 1 1
Vb 1 2020 403-2020 2 1 1 1731 0 0 
Ep 404 54047 21000 90.000000 90.000000 Y 0 0 0 0 1 1
Vb 1 2018 404-2018 2 1 1 1684 0 0 
Ep 501 16130 9100 90.000000 90.000000 Y 0 0 0 0 1 1
Vb 1 2058 501-2058 3 0 1 3098 0 0 
Ep 502 14761 9100 90.000000 90.000000 Y 0 0 0 0 1 1
Vb 1 2059 502-2059 3 0 1 3033 0 0 
Ep 503 13482 9100 90.000000 90.000000 Y 0 0 0 0 1 1
Vb 1 2060 503-2060 3 0 1 3066 0 0 
Ep 504 12172 9100 90.000000 90.000000 Y 0 0 0 0 1 1
Vb 1 2061 504-2061 3 0 1 3033 0 0 
Ep 505 11041 9100 90.000000 90.000000 Y 0 0 0 0 1 1
Vb 1 2062 505-2062 3 0 1 3065 0 0 
Ep 506 9642 9100 90.000000 90.000000 Y 0 0 0 0 1 1
Vb 1 2063 506-2063 3 0 1 3033 0 0 
Ep 507 8422 9100 90.000000 90.000000 Y 0 0 0 0 1 1
Vb 1 2064 507-2064 3 0 1 3049 0 0 
Ep 508 7202 9100 90.000000 90.000000 Y 0 0 0 0 1 1
Vb 1 2065 508-2065 3 0 1 2951 0 0 
Ep 509 5947 9100 90.000000 90.000000 Y 0 0 0 0 1 1
Vb 1 2065 509-2065 4 0 1 3201 0 0 
Ep 510 4638 9100 90.000000 90.000000 Y 0 0 0 0 1 1
Vb 1 2065 510-2065 4 0 1 3903 0 0 
Ep 601 20208 12701 90.000000 90.000000 Y 0 0 0 0 1 1
Vb 1 611 601-611 3 0 1 2723 0 0 
Ep 602 30744 12750 90.000000 90.000000 Y 0 0 0 0 1 1
Vb 1 612 602-612 3 1 1 2531 0 0 
Ep 603 37023 13679 90.000000 90.000000 Y 0 0 0 0 1 1
Vb 1 613 603-613 1 0 1 1011 0 0 
Ep 611 17485 12717 90.000000 90.000000 N 0 0 0 0 1 1
Vb 1 601 611-601 3 1 1 2723 0 0 
Vb 2 2056 611-2056 1 0 1 1322 0 0 
Ep 612 33275 12733 90.000000 90.000000 N 0 0 0 0 1 1
Vb 1 602 612-602 3 0 1 2531 0 0 
Vb 2 2053 612-2053 2 0 1 2259 0 0 
Ep 613 37022 14690 90.000000 90.000000 N 0 0 0 0 1 1
Vb 1 603 613-603 1 1 1 1011 0 0 
Vb 2 2051 613-2051 1 0 1 766 0 0 
Vb 3 2052 613-2052 3 0 1 2617 0 0 
Ep 701 36220 18600 90.000000 90.000000 Y 0 0 0 0 1 1
Vb 1 2031 701-2031 2 1 1 1614 0 0 
Ep 702 37619 18521 90.000000 90.000000 Y 0 0 0 0 1 1
Vb 1 2030 702-2030 1 1 1 1472 0 0 
Ep 2000 63160 25663 90.000000 90.000000 N 0 0 0 0 1 1
Vb 1 99 2000-99 4 0 1 3717 0 0 
Vb 2 2001 2000-2001 1 1 1 845 0 0 
Ep 2001 63606 24945 90.000000 90.000000 N 0 0 0 0 1 1
Vb 1 201 2001-201 3 1 1 3075 0 0 
Vb 2 301 2001-301 4 1 1 3298 0 0 
Vb 3 2000 2001-2000 1 0 1 845 0 0 
Vb 4 2002 2001-2002 1 1 1 817 0 0 
Ep 2002 63666 24130 90.000000 90.000000 N 0 0 0 0 1 1
Vb 1 202 2002-202 4 0 1 3280 0 0 
Vb 2 302 2002-302 4 0 1 3238 0 0 
Vb 3 2001 2002-2001 1 0 1 817 0 0 
Vb 4 2003 2002-2003 1 1 1 734 0 0 
Ep 2003 63636 23396 90.000000 90.000000 N 0 0 0 0 1 1
Vb 1 203 2003-203 3 1 1 3071 0 0 
Vb 2 303 2003-303 4 0 1 3209 0 0 
Vb 3 2002 2003-2002 1 0 1 734 0 0 
Vb 4 2004 2003-2004 1 1 1 833 0 0 
Ep 2004 63695 22565 90.000000 90.000000 N 0 0 0 0 1 1
Vb 1 204 2004-204 3 0 1 3042 0 0 
Vb 2 304 2004-304 3 0 1 3090 0 0 
Vb 3 2003 2004-2003 1 0 1 833 0 0 
Vb 4 2005 2004-2005 1 1 1 725 0 0 
Ep 2005 63457 21880 90.000000 90.000000 N 0 0 0 0 1 1
Vb 1 205 2005-205 3 1 1 3071 0 0 
Vb 2 305 2005-305 4 0 1 3447 0 0 
Vb 3 2004 2005-2004 1 0 1 725 0 0 
Vb 4 2006 2005-2006 1 1 1 578 0 0 
Ep 2006 63547 21309 90.000000 90.000000 N 0 0 0 0 1 1
Vb 1 306 2006-306 4 0 1 3268 0 0 
Vb 2 2005 2006-2005 1 0 1 578 0 0 
Vb 3 2007 2006-2007 1 1 1 359 0 0 
Ep 2007 63576 20951 90.000000 90.000000 N 0 0 0 0 1 1
Vb 1 206 2007-206 3 0 1 2982 0 0 
Vb 2 307 2007-307 4 1 1 3273 0 0 
Vb 3 2006 2007-2006 1 0 1 359 0 0 
Vb 4 2009 2007-2009 1 1 1 674 0 0 
Ep 2009 63487 20282 90.000000 90.000000 N 0 0 0 0 1 1
Vb 1 207 2009-207 3 0 1 3012 0 0 
Vb 2 308 2009-308 4 1 1 3270 0 0 
Vb 3 2007 2009-2007 1 0 1 674 0 0 
Vb 4 2010 2009-2010 1 1 1 734 0 0 
Ep 2010 63487 19548 90.000000 90.000000 N 0 0 0 0 1 1
Vb 1 208 2010-208 3 0 1 2982 0 0 
Vb 2 309 2010-309 4 0 1 3328 0 0 
Vb 3 2009 2010-2009 1 0 1 734 0 0 
Vb 4 2011 2010-2011 1 1 1 726 0 0 
Ep 2011 63368 18831 90.000000 90.000000 N 0 0 0 0 1 1
Vb 1 209 2011-209 3 1 1 2865 0 0 
Vb 2 2010 2011-2010 1 0 1 726 0 0 
Vb 3 2012 2011-2012 1 1 1 848 0 0 
Ep 2012 63368 17983 90.000000 90.000000 N 0 0 0 0 1 1
Vb 1 210 2012-210 3 1 1 2892 0 0 
Vb 2 311 2012-311 4 0 1 3534 0 0 
Vb 3 2011 2012-2011 1 0 1 848 0 0 
Vb 4 2013 2012-2013 1 1 1 343 0 0 
Ep 2013 63398 17641 90.000000 90.000000 N 0 0 0 0 1 1
Vb 1 312 2013-312 4 0 1 3301 0 0 
Vb 2 2012 2013-2012 1 0 1 343 0 0 
Vb 3 2014 2013-2014 1 1 1 492 0 0 
Ep 2014 63368 17184 90.000000 90.000000 N 0 0 0 0 1 1
Vb 1 313 2014-313 4 0 1 3358 0 0 
Vb 2 2013 2014-2013 1 0 1 492 0 0 
Vb 3 2015 2014-2015 1 1 1 1222 0 0 
Ep 2015 62536 16288 90.000000 90.000000 N 0 0 0 0 1 1
Vb 1 2014 2015-2014 1 0 1 1222 0 0 
Vb 2 2016 2015-2016 4 0 1 3301 0 0 
Ep 2016 59235 16304 90.000000 90.000000 N 0 0 0 0 1 1
Vb 1 2015 2016-2015 4 1 1 3301 0 0 
Vb 2 2026 2016-2026 3 0 1 3041 0 0 
Vb 3 2040 2016-2040 1 1 1 1486 0 0 
Ep 2017 54774 18880 90.000000 90.000000 N 0 0 0 0 1 1
Vb 1 2018 2017-2018 1 0 1 960 0 0 
Vb 2 2019 2017-2019 1 0 1 1314 0 0 
Vb 3 2026 2017-2026 2 1 1 2110 0 0 
Ep 2018 53912 19304 90.000000 90.000000 N 0 0 0 0 1 1
Vb 1 404 2018-404 2 0 1 1684 0 0 
Vb 2 2017 2018-2017 1 1 1 960 0 0 
Vb 3 2019 2018-2019 1 1 1 534 0 0 
Ep 2019 53466 19010 90.000000 90.000000 N 0 0 0 0 1 1
Vb 1 2017 2019-2017 1 1 1 1314 0 0 
Vb 2 2018 2019-2018 1 0 1 534 0 0 
Vb 3 2020 2019-2020 1 0 1 883 0 0 
Vb 4 2021 2019-2021 1 1 1 1339 0 0 
Ep 2020 52633 19304 90.000000 90.000000 N 0 0 0 0 1 1
Vb 1 403 2020-403 2 0 1 1731 0 0 
Vb 2 2019 2020-2019 1 1 1 883 0 0 
Vb 3 2021 2020-2021 1 1 1 619 0 0 
Ep 2021 52128 18945 90.000000 90.000000 N 0 0 0 0 1 1
Vb 1 2019 2021-2019 1 0 1 1339 0 0 
Vb 2 2020 2021-2020 1 0 1 619 0 0 
Vb 3 2022 2021-2022 1 0 1 779 0 0 
Vb 4 2023 2021-2023 1 0 1 1011 0 0 
Ep 2022 51474 19369 90.000000 90.000000 N 0 0 0 0 1 1
Vb 1 402 2022-402 2 0 1 1680 0 0 
Vb 2 2021 2022-2021 1 1 1 779 0 0 
Vb 3 2023 2022-2023 1 1 1 554 0 0 
Ep 2023 51117 18945 90.000000 90.000000 N 0 0 0 0 1 1
Vb 1 2021 2023-2021 1 0 1 1011 0 0 
Vb 2 2022 2023-2022 1 0 1 554 0 0 
Vb 3 2024 2023-2024 1 0 1 907 0 0 
Vb 4 2025 2023-2025 1 1 1 1492 0 0 
Ep 2024 50284 19304 90.000000 90.000000 N 0 0 0 0 1 1
Vb 1 401 2024-401 2 0 1 1696 0 0 
Vb 2 2023 2024-2023 1 1 1 907 0 0 
Vb 3 2025 2024-2025 1 1 1 816 0 0 
Ep 2025 49630 18815 90.000000 90.000000 N 0 0 0 0 1 1
Vb 1 2023 2025-2023 1 0 1 1492 0 0 
Vb 2 2024 2025-2024 1 0 1 816 0 0 
Vb 3 2027 2025-2027 3 1 1 2561 0 0 
Ep 2026 56618 17853 90.000000 90.000000 N 0 0 0 0 1 1
Vb 1 2016 2026-2016 3 1 1 3041 0 0 
Vb 2 2017 2026-2017 2 0 1 2110 0 0 
Ep 2027 47162 18130 90.000000 90.000000 N 0 0 0 0 1 1
Vb 1 2025 2027-2025 3 0 1 2561 0 0 
Vb 2 2028 2027-2028 4 1 1 3234 0 0 
Ep 2028 44069 17184 90.000000 90.000000 N 0 0 0 0 1 1
Vb 1 2027 2028-2027 4 0 1 3234 0 0 
Vb 2 2029 2028-2029 4 1 1 3817 0 0 
Ep 2029 40263 16891 90.000000 90.000000 N 0 0 0 0 1 1
Vb 1 2028 2029-2028 4 0 1 3817 0 0 
Vb 2 2030 2029-2030 3 0 1 2770 0 0 
Ep 2030 37497 17054 90.000000 90.000000 N 0 0 0 0 1 1
Vb 1 702 2030-702 1 0 1 1472 0 0 
Vb 2 2029 2030-2029 3 1 1 2770 0 0 
Vb 3 2031 2030-2031 1 1 1 1250 0 0 
Vb 4 2051 2030-2051 2 1 1 1667 0 0 
Ep 2031 36248 16989 90.000000 90.000000 N 0 0 0 0 1 1
Vb 1 701 2031-701 2 0 1 1614 0 0 
Vb 2 2030 2031-2030 1 0 1 1250 0 0 
Vb 3 2051 2031-2051 2 1 1 1717 0 0 
Vb 4 2057 2031-2057 6 1 1 4826 0 0 
Ep 2032 58283 8722 90.000000 90.000000 N 0 0 0 0 1 1
Vb 1 107 2032-107 2 0 1 1635 0 0 
Vb 2 118 2032-118 1 0 1 1491 0 0 
Vb 3 119 2032-119 2 1 1 1665 0 0 
Vb 4 2033 2032-2033 1 0 1 659 0 0 
Ep 2033 58194 9375 90.000000 90.000000 N 0 0 0 0 1 1
Vb 1 106 2033-106 1 0 1 1517 0 0 
Vb 2 117 2033-117 1 0 1 1582 0 0 
Vb 3 2032 2033-2032 1 1 1 659 0 0 
Vb 4 2034 2033-2034 1 0 1 635 0 0 
Ep 2034 58194 10010 90.000000 90.000000 N 0 0 0 0 1 1
Vb 1 105 2034-105 1 0 1 1500 0 0 
Vb 2 116 2034-116 2 0 1 1697 0 0 
Vb 3 2033 2034-2033 1 1 1 635 0 0 
Vb 4 2035 2034-2035 1 0 1 750 0 0 
Ep 2035 58194 10760 90.000000 90.000000 N 0 0 0 0 1 1
Vb 1 104 2035-104 1 1 1 1412 0 0 
Vb 2 115 2035-115 2 0 1 1759 0 0 
Vb 3 2034 2035-2034 1 1 1 750 0 0 
Vb 4 2036 2035-2036 1 0 1 731 0 0 
Ep 2036 58402 11461 90.000000 90.000000 N 0 0 0 0 1 1
Vb 1 103 2036-103 2 1 1 1676 0 0 
Vb 2 114 2036-114 2 0 1 1665 0 0 
Vb 3 2035 2036-2035 1 1 1 731 0 0 
Vb 4 2037 2036-2037 1 0 1 896 0 0 
Ep 2037 58343 12097 90.000000 90.000000 N 0 0 0 0 1 1
Vb 1 102 2037-102 1 0 1 1498 0 0 
Vb 2 113 2037-113 1 0 1 1549 0 0 
Vb 3 2036 2037-2036 1 1 1 896 0 0 
Vb 4 2038 2037-2038 1 0 1 685 0 0 
Ep 2038 58194 12766 90.000000 90.000000 N 0 0 0 0 1 1
Vb 1 101 2038-101 1 0 1 1517 0 0 
Vb 2 112 2038-112 1 0 1 1582 0 0 
Vb 3 2037 2038-2037 1 1 1 685 0 0 
Vb 4 2039 2038-2039 1 0 1 848 0 0 
Ep 2039 58224 13614 90.000000 90.000000 N 0 0 0 0 1 1
Vb 1 111 2039-111 2 1 1 1606 0 0 
Vb 2 2038 2039-2038 1 1 1 848 0 0 
Vb 3 2040 2039-2040 1 0 1 1401 0 0 
Ep 2040 58848 14869 90.000000 90.000000 N 0 0 0 0 1 1
Vb 1 2016 2040-2016 1 0 1 1486 0 0 
Vb 2 2039 2040-2039 1 1 1 1401 0 0 
Ep 2051 37022 15456 90.000000 90.000000 N 0 0 0 0 1 1
Vb 1 613 2051-613 1 1 1 766 0 0 
Vb 2 2030 2051-2030 2 0 1 1667 0 0 
Vb 3 2031 2051-2031 2 0 1 1717 0 0 
Ep 2052 34405 14739 90.000000 90.000000 N 0 0 0 0 1 1
Vb 1 613 2052-613 3 1 1 2617 0 0 
Vb 2 2053 2052-2053 2 1 1 2201 0 0 
Ep 2053 32204 14722 90.000000 90.000000 N 0 0 0 0 1 1
Vb 1 612 2053-612 2 1 1 2259 0 0 
Vb 2 2052 2053-2052 2 0 1 2201 0 0 
Vb 3 2057 2053-2057 2 0 1 1616 0 0 
Ep 2054 27506 15538 90.000000 90.000000 N 0 0 0 0 1 1
Vb 1 2055 2054-2055 4 0 1 3896 0 0 
Vb 2 2057 2054-2057 5 0 1 4035 0 0 
Ep 2055 23610 15586 90.000000 90.000000 N 0 0 0 0 1 1
Vb 1 2054 2055-2054 4 1 1 3896 0 0 
Vb 2 2056 2055-2056 7 1 1 6375 0 0 
Ep 2056 17425 14038 90.000000 90.000000 N 0 0 0 0 1 1
Vb 1 611 2056-611 1 1 1 1322 0 0 
Vb 2 2055 2056-2055 7 0 1 6375 0 0 
Vb 3 2066 2056-2066 3 1 1 3163 0 0 
Ep 2057 31491 16173 90.000000 90.000000 N 0 0 0 0 1 1
Vb 1 2031 2057-2031 6 0 1 4826 0 0 
Vb 2 2053 2057-2053 2 1 1 1616 0 0 
Vb 3 2054 2057-2054 5 1 1 4035 0 0 
Ep 2058 16087 12163 90.000000 90.000000 N 0 0 0 0 1 1
Vb 1 501 2058-501 3 1 1 3098 0 0 
Vb 2 2066 2058-2066 2 0 1 1883 0 0 
Ep 2059 14749 12065 90.000000 90.000000 N 0 0 0 0 1 1
Vb 1 502 2059-502 3 1 1 3033 0 0 
Vb 2 2066 2059-2066 1 0 1 1031 0 0 
Ep 2060 13530 12114 90.000000 90.000000 N 0 0 0 0 1 1
Vb 1 503 2060-503 3 1 1 3066 0 0 
Vb 2 2066 2060-2066 1 0 1 1287 0 0 
Ep 2061 12073 12048 90.000000 90.000000 N 0 0 0 0 1 1
Vb 1 504 2061-504 3 1 1 3033 0 0 
Vb 2 2067 2061-2067 1 0 1 1271 0 0 
Ep 2062 11032 12081 90.000000 90.000000 N 0 0 0 0 1 1
Vb 1 505 2062-505 3 1 1 3065 0 0 
Vb 2 2067 2062-2067 1 0 1 605 0 0 
Ep 2063 9664 12114 90.000000 90.000000 N 0 0 0 0 1 1
Vb 1 506 2063-506 3 1 1 3033 0 0 
Vb 2 2067 2063-2067 1 0 1 1426 0 0 
Ep 2064 8474 12065 90.000000 90.000000 N 0 0 0 0 1 1
Vb 1 507 2064-507 3 1 1 3049 0 0 
Vb 2 2068 2064-2068 1 0 1 917 0 0 
Ep 2065 7196 12048 90.000000 90.000000 N 0 0 0 0 1 1
Vb 1 508 2065-508 3 1 1 2951 0 0 
Vb 2 509 2065-509 4 1 1 3201 0 0 
Vb 3 510 2065-510 4 1 1 3903 0 0 
Vb 4 2068 2065-2068 1 0 1 770 0 0 
Ep 2066 14422 13043 90.000000 90.000000 N 0 0 0 0 1 1
Vb 1 2056 2066-2056 3 0 1 3163 0 0 
Vb 2 2058 2066-2058 2 1 1 1883 0 0 
Vb 3 2059 2066-2059 1 1 1 1031 0 0 
Vb 4 2060 2066-2060 1 1 1 1287 0 0 
Vb 5 2067 2066-2067 4 1 1 3468 0 0 
Ep 2067 10972 12684 90.000000 90.000000 N 0 0 0 0 1 1
Vb 1 2061 2067-2061 1 1 1 1271 0 0 
Vb 2 2062 2067-2062 1 1 1 605 0 0 
Vb 3 2063 2067-2063 1 1 1 1426 0 0 
Vb 4 2066 2067-2066 4 0 1 3468 0 0 
Vb 5 2068 2067-2068 4 1 1 3242 0 0 
Ep 2068 7731 12603 90.000000 90.000000 N 0 0 0 0 1 1
Vb 1 2064 2068-2064 1 1 1 917 0 0 
Vb 2 2065 2068-2065 1 1 1 770 0 0 
Vb 3 2067 2068-2067 4 0 1 3242 0 0 
EOF